447
8
62500000
62500000
 0 1 1 18 47 4 (D 0,1,1) (S 35,14,18) (S 25,18,21) (D 0,1,1)
 0 1 2 27 55 7 (D 0,1,1) (S 4,14,20) (S 23,20,21) (S 7,21,23) (S 32,18,25) (S 37,25,26) (D 0,1,1)
 0 1 3 25 41 6 (D 0,1,1) (S 1,1,3) (S 3,3,8) (S 28,8,9) (S 17,1,27) (D 0,1,1)
 0 1 4 27 53 6 (D 0,1,1) (S 13,4,6) (S 30,6,9) (S 15,7,11) (S 34,12,13) (D 0,1,1)
 0 1 5 27 49 7 (D 0,1,1) (S 22,1,24) (S 29,22,25) (S 26,22,23) (S 14,24,27) (S 10,1,19) (D 0,1,1)
 0 1 6 27 91 11 (D 0,1,1) (S 6,15,20) (S 16,21,22) (S 19,5,6) (S 8,3,4) (S 20,4,19) (S 31,12,19) (S 12,5,9) (S 5,13,14) (S 9,21,25) (D 0,1,1)
 0 1 7 27 59 7 (D 0,1,1) (S 11,4,12) (S 38,13,15) (S 18,15,17) (S 33,1,17) (S 27,3,6) (D 0,1,1)
 0 1 8 27 52 6 (D 0,1,1) (S 21,1,15) (S 24,4,5) (S 36,6,8) (S 2,2,12) (D 0,1,1)
