456
7
62500000
62500000
 0 1 1 15 33 4 (D 0,1,1) (S 8,1,17) (S 12,15,17) (D 0,1,1)
 0 1 2 27 63 6 (D 0,1,1) (S 18,3,6) (S 16,6,10) (S 25,7,11) (S 30,6,9) (D 0,1,1)
 0 1 3 27 52 9 (D 0,1,1) (S 6,1,15) (S 22,15,20) (S 33,21,25) (S 26,18,25) (S 14,25,26) (S 24,1,19) (S 10,1,24) (D 0,1,1)
 0 1 4 27 58 7 (D 0,1,1) (S 32,3,8) (S 27,8,9) (S 23,3,4) (S 5,4,6) (S 13,6,7) (D 0,1,1)
 0 1 5 27 67 6 (D 0,1,1) (S 31,24,27) (S 28,22,25) (S 17,14,20) (S 15,14,18) (D 0,1,1)
 0 1 6 27 84 8 (D 0,1,1) (S 19,12,13) (S 1,2,1) (S 9,13,15) (S 20,14,21) (S 11,23,26) (S 34,23,24) (D 0,1,1)
 0 1 7 26 99 8 (D 0,1,1) (S 3,4,10) (S 4,5,9) (S 2,1,27) (S 7,22,23) (S 29,20,21) (S 21,13,14) (D 0,1,1)
