18278
8
343750000
343750000
 0 1 1 963 1712 5 (D 0,1,1) (S 14,35,36) (S 23,12,18) (S 28,21,20) (D 0,1,1)
 0 1 2 1583 2252 9 (D 0,1,1) (S 10,21,27) (S 38,33,39) (S 45,39,33) (S 16,40,41) (S 41,35,41) (S 26,16,17) (S 11,23,29) (D 0,1,1)
 0 1 3 1612 2482 9 (D 0,1,1) (S 43,38,37) (S 44,38,39) (S 46,39,38) (S 15,39,40) (S 7,17,18) (S 32,23,22) (S 35,28,34) (D 0,1,1)
 0 1 4 1662 2538 9 (D 0,1,1) (S 18,5,6) (S 19,6,5) (S 8,18,24) (S 33,24,30) (S 36,31,25) (S 12,31,32) (S 3,3,9) (D 0,1,1)
 0 1 5 1524 2495 9 (D 0,1,1) (S 25,14,13) (S 17,1,7) (S 1,1,2) (S 13,32,33) (S 40,35,29) (S 39,34,33) (S 37,32,26) (D 0,1,1)
 0 1 6 1534 2333 6 (D 0,1,1) (S 2,3,4) (S 22,11,5) (S 34,27,26) (S 9,19,25) (D 0,1,1)
 0 1 7 1534 2149 8 (D 0,1,1) (S 21,10,11) (S 4,4,10) (S 20,10,9) (S 24,13,19) (S 27,19,20) (S 29,22,16) (D 0,1,1)
 0 1 8 1507 2317 8 (D 0,1,1) (S 31,22,28) (S 47,41,42) (S 42,36,30) (S 30,22,23) (S 6,11,12) (S 5,10,16) (D 0,1,1)
