491
8
46875000
46875000
 0 1 1 21 41 6 (D 0,1,1) (S 25,4,6) (S 35,6,7) (S 41,7,11) (S 3,4,1) (D 0,1,1)
 0 1 2 27 54 7 (D 0,1,1) (S 10,1,11) (S 30,11,4) (S 36,8,6) (S 7,1,8) (S 32,8,5) (D 0,1,1)
 0 1 3 24 48 5 (D 0,1,1) (S 12,2,4) (S 23,3,11) (S 34,11,5) (D 0,1,1)
 0 1 4 27 40 7 (D 0,1,1) (S 9,1,10) (S 22,10,3) (S 2,3,1) (S 20,7,3) (S 28,9,4) (D 0,1,1)
 0 1 5 27 69 8 (D 0,1,1) (S 15,8,2) (S 14,2,7) (S 21,3,9) (S 44,9,11) (S 13,5,2) (S 39,7,9) (D 0,1,1)
 0 1 6 26 59 6 (D 0,1,1) (S 43,10,9) (S 24,4,5) (S 31,5,7) (S 11,3,2) (D 0,1,1)
 0 1 7 26 67 9 (D 0,1,1) (S 33,5,10) (S 40,10,7) (S 8,1,9) (S 26,4,7) (S 1,2,1) (S 19,5,3) (S 4,5,1) (D 0,1,1)
 0 1 8 27 113 12 (D 0,1,1) (S 27,8,4) (S 29,4,10) (S 16,2,9) (S 42,8,9) (S 5,1,6) (S 37,6,9) (S 6,1,7) (S 17,11,2) (S 18,3,4) (S 38,10,6) (D 0,1,1)
