43568
18
8421875000
8421875000
 0 1 1 945 1771 6 (D 0,1,1) (S 34,23,7) (S 132,70,71) (S 133,71,58) (S 36,24,8) (D 0,1,1)
 0 1 2 1512 2431 7 (D 0,1,1) (S 8,6,7) (S 39,25,9) (S 17,13,14) (S 109,58,57) (S 93,51,37) (D 0,1,1)
 0 1 3 1618 2085 8 (D 0,1,1) (S 37,24,9) (S 12,9,10) (S 15,12,13) (S 18,14,15) (S 20,15,31) (S 38,24,39) (D 0,1,1)
 0 1 4 1546 2216 8 (D 0,1,1) (S 80,45,46) (S 82,46,30) (S 48,29,13) (S 19,14,30) (S 84,47,31) (S 51,31,30) (D 0,1,1)
 0 1 5 1591 2716 9 (D 0,1,1) (S 22,16,32) (S 23,17,16) (S 21,16,1) (S 41,26,10) (S 13,10,11) (S 108,57,70) (S 60,36,37) (D 0,1,1)
 0 1 6 1398 2721 12 (D 0,1,1) (S 55,34,18) (S 24,18,17) (S 5,3,18) (S 77,44,45) (S 81,45,57) (S 107,57,45) (S 85,47,58) (S 50,30,29) (S 68,40,39) (S 64,39,23) (D 0,1,1)
 0 1 7 1721 2221 8 (D 0,1,1) (S 79,45,44) (S 78,45,29) (S 44,27,11) (S 14,11,12) (S 46,27,43) (S 97,53,39) (D 0,1,1)
 0 1 8 1611 2857 10 (D 0,1,1) (S 75,43,69) (S 74,42,43) (S 83,46,47) (S 1,1,2) (S 53,32,59) (S 110,59,60) (S 52,32,33) (S 6,4,5) (D 0,1,1)
 0 1 9 1622 2693 8 (D 0,1,1) (S 29,20,35) (S 3,2,17) (S 59,36,35) (S 66,39,52) (S 131,70,69) (S 69,41,40) (D 0,1,1)
 0 1 10 1730 2879 14 (D 0,1,1) (S 9,6,20) (S 26,19,35) (S 57,35,34) (S 88,49,35) (S 2,2,3) (S 11,8,9) (S 16,12,28) (S 49,29,28) (S 76,44,28) (S 105,55,67) (S 118,63,51) (S 117,62,61) (D 0,1,1)
 0 1 11 1477 2935 12 (D 0,1,1) (S 70,41,54) (S 114,61,60) (S 111,60,48) (S 94,51,63) (S 86,48,34) (S 4,3,4) (S 129,69,56) (S 130,69,68) (S 47,28,27) (S 40,25,41) (D 0,1,1)
 0 1 12 1643 2451 9 (D 0,1,1) (S 128,68,56) (S 71,41,55) (S 127,67,68) (S 45,27,26) (S 102,54,55) (S 56,34,48) (S 90,50,36) (D 0,1,1)
 0 1 13 1633 2382 9 (D 0,1,1) (S 87,48,49) (S 25,19,4) (S 72,41,56) (S 106,56,42) (S 126,67,66) (S 65,39,38) (S 95,52,51) (D 0,1,1)
 0 1 14 1645 2428 9 (D 0,1,1) (S 58,36,20) (S 27,20,5) (S 30,21,20) (S 43,26,42) (S 42,26,25) (S 32,22,21) (S 7,5,6) (D 0,1,1)
 0 1 15 1649 2390 10 (D 0,1,1) (S 104,54,66) (S 73,42,41) (S 63,39,22) (S 62,38,52) (S 113,61,50) (S 115,61,62) (S 112,61,49) (S 10,6,21) (D 0,1,1)
 0 1 16 1414 1839 9 (D 0,1,1) (S 120,63,62) (S 116,62,50) (S 89,49,50) (S 121,63,64) (S 122,64,65) (S 125,66,65) (S 100,54,40) (D 0,1,1)
 0 1 17 1529 2336 11 (D 0,1,1) (S 33,22,23) (S 35,23,39) (S 31,21,37) (S 123,65,53) (S 99,53,54) (S 103,54,65) (S 124,65,54) (S 101,54,41) (S 67,40,24) (D 0,1,1)
 0 1 18 1663 2217 10 (D 0,1,1) (S 28,20,19) (S 54,33,34) (S 92,50,51) (S 119,63,52) (S 96,52,53) (S 98,53,52) (S 91,50,37) (S 61,37,38) (D 0,1,1)
